0 0.1546875 0.1234375 0.196875 0.246875
0 0.3203125 0.09609375 0.1390625 0.1109375
0 0.01640625 0.16328125 0.0328125 0.0390625
0 0.04921875 0.215625 0.053125 0.0546875
0 0.03984375 0.1609375 0.0390625 0.046875
0 0.07890625 0.17265625 0.03125 0.046875
0 0.8487707234374999 0.27300369375 0.8455831374999999 0.2549259890625 0.8332338078125 0.2401718203125 0.8152443999999999 0.23351173281249998 0.802097165625 0.23582994531249998 0.7982511062500001 0.23752980156249998 0.785047159375 0.2727334125 0.7717074125 0.2758131359375 0.7692061171875 0.28576921718750004 0.7806547484374999 0.3110080046875 0.7825456828125 0.31067458281250004 0.7966340046875 0.30623302343750003 0.8328249156249999 0.2938582875 0.8486489828125 0.2768069984375 0.8487707234374999 0.27300369375
0 0.7478566375 0.319173640625 0.7481102484375001 0.26589558593749996 0.7266206015625001 0.2563537890625 0.7263573578125 0.281694703125 0.720376596875 0.28976441406250003 0.7010571015625 0.2637428984375 0.6893388609375 0.227153403125 0.669217259375 0.230701384375 0.6629734890625001 0.24482945625000002 0.625445259375 0.25904560781249997 0.6109742640625 0.292100940625 0.6235573234375 0.3634630203125 0.6581259609375 0.384345009375 0.6891244734375 0.363693740625 0.73427713125 0.375609990625 0.751404003125 0.352924565625 0.7543863578125001 0.3256087609375 0.7478566375 0.319173640625
0 0.18671875 0.5640625 0.3734375 0.228125
0 0.059375 0.8671875 0.11875 0.265625
0 0.709375 0.725 0.58125 0.55