0 0.5581323609375 0.2655804984375 0.5546276703125 0.2689803515625 0.5541124609375 0.2847185171875 0.559899696875 0.2856351265625 0.5646804453125001 0.2679359265625 0.5581323609375 0.2655804984375
0 0.510474515625 0.23562089843749998 0.5103666859375 0.248786959375 0.5196046984375 0.2528867453125 0.5274288421875 0.24094282812499998 0.5263145265625 0.23549308125 0.5240319812500001 0.2311766203125 0.5143865875 0.2296489390625 0.510474515625 0.23562089843749998
0 0.621929771875 0.30600623437499996 0.6370628484375 0.29785656875 0.63752414375 0.28870143125 0.6298078296874999 0.28747928749999996 0.6119848250000001 0.2938846 0.6130452265624999 0.3059173765625 0.621929771875 0.30600623437499996
0 0.671732353125 0.309939246875 0.666298584375 0.3130335640625 0.6650764390624999 0.3207498796875 0.6699949984375 0.333393728125 0.6934974109375001 0.3410710875 0.69776295 0.3391100546875 0.6858350109375 0.33326591250000004 0.680970365625 0.3140390328125 0.671732353125 0.309939246875
0 0.5999190734375001 0.257697409375 0.603885059375 0.24514242031250003 0.6013029609375 0.23023200156249998 0.5955157234375 0.22931539375 0.5760631937499999 0.246009125 0.5756018984375 0.255164259375 0.5999190734375001 0.257697409375
0 0.4276080234375 0.25940892656250003 0.43472523281250003 0.23944315781249997 0.42787759375 0.22649377343750002 0.416710503125 0.22208845156249998 0.40801768281250006 0.24575961093749998 0.4148653203125 0.2587089953125 0.4276080234375 0.25940892656250003
0 0.7229787859375 0.37342507187499996 0.75536574375 0.381191290625 0.7573487359375 0.3749137953125 0.74430648125 0.36361990781250003 0.7390344531249999 0.34696513281249997 0.6985238 0.340548875 0.69654080625 0.34682637031249997 0.7060783718750001 0.3615201109375 0.704041465625 0.37438063593750004 0.7063240109375 0.3786970984375 0.717137634375 0.37909149375 0.7229787859375 0.37342507187499996
0 0.476242375 0.26447522343749996 0.4750202296875 0.2721915390625 0.47882447343750006 0.27938564062500004 0.4964857359375 0.292729421875 0.5045016046875 0.30454552343749997 0.5424601421874999 0.339560471875 0.5605287859375 0.350332146875 0.5944913546875 0.3543929765625 0.6482060078125 0.35235402968749996 0.6242962140625 0.3472487765625 0.5864215734375 0.34915990625000004 0.5632726265625 0.34549347343750003 0.5609900812499999 0.3411770125 0.5638417515625 0.32317227656249997 0.5615592046875 0.3188558140625 0.5294717999999999 0.321683553125 0.5061311296875 0.294257103125 0.48694817031250004 0.27803568125 0.4793396828125 0.263647475 0.476242375 0.26447522343749996
0 0.16953125 0.72578125 0.3390625 0.2140625
0 0.2453125 0.9234375 0.1875 0.115625
0 0.68671875 0.91015625 0.2765625 0.1796875