0 1 0 0.6240639625 0 0.62031196875 0.0176599 0.5 0.045738896875000004 0.5 0.09932693125 0.532072615625 0.110359840625 0.58961359375 0.1614467265625 0.625083371875 0.2350576546875 0.6358019374999999 0.2895663921875 0.6272649218749999 0.36003861718749997 0.6716814953125001 0.44260935 0.6774059109375 0.509375 0.9554442015625 0.509375 0.9569761109375001 0.44804776718749995 1 0.3782668375 1 0
0 0.5578125 0.2859375 0.115625 0.446875
0 0.51171875 0.690625 0.0234375 0.109375
0 0.63671875 0.95546875 0.053125 0.0765625
0 0.56484375 0.79296875 0.0484375 0.1
0 0.6234375 0.66875 0.059375 0.121875
0 0.68359375 0.78125 0.053125 0.0703125
0 0.740625 0.875 0.075 0.1
0 0.796875 0.76953125 0.096875 0.103125
0 0.78984375 0.60546875 0.05625 0.08125
0 0.69375 0.66953125 0.0390625 0.0828125
0 0.84375 0.5921875 0.0421875 0.065625
0 1 0.509375 0.881078678125 0.509375 0.8784495625 0.5162637390625 0.8608229015625 0.536018821875 0.868900846875 0.5511579249999999 0.8934795 0.571565409375 0.9064139062500001 0.596343446875 0.9051425171874999 0.6130348453125001 0.879753025 0.635703628125 0.867667 0.659529296875 0.8765018359375001 0.6732660890625001 0.8767145218750001 0.7302154953125 0.8719737890625 0.771971259375 0.8745541078125001 0.8302684375 0.8929994406249999 0.902179696875 0.92962894375 0.9862754546874999 0.9554789859374999 0.9899915421875001 0.972314471875 1 0.9856490734375001 1 1 0.99905918125 1 0.509375