0 0.3359375 0.8328125 0.228125 0.334375
0 0 0.5390625 0 0.8605156749999999 0.03931311875 1 0.2456236375 1 0.180403925 0.636250446875 0.15736508437500002 0.5589251 0.3415297265625 0.5390625 0 0.5390625
0 0.60546875 0.79453125 0.090625 0.11875
0 0.6984375 0.88359375 0.0625 0.1046875
0 0.73671875 0.75078125 0.078125 0.128125
0 0.8140625 0.85234375 0.0625 0.078125
0 0.88515625 0.93671875 0.0890625 0.109375
0 0.92421875 0.8234375 0.1109375 0.1171875
0 0.8921875 0.6625 0.06875 0.0890625
0 0.80625 0.74140625 0.0515625 0.0875
0 0.94296875 0.64140625 0.0515625 0.0703125